PostCalibration at 2015/12/09 12:23:00
step  1 2015/12/09 12:23:00
 current forces: 
FX:  0.0020192617084831
FY:  0.0020114344079047
FZ:  0.0064369854517281
TX:  -0.00045481490087695
TY:  0.00058181787608191
TZ:  -0.00024579718592577
Find Z Position
step  2 2015/12/09 12:23:12
 current forces: 
FX:  -0.16385731101036
FY:  -0.31015276908875
FZ:  -0.087431572377682
TX:  0.14472413063049
TY:  -0.028536699712277
TZ:  0.0054701091721654
reduce TX
