PostCalibration at 2016/04/08 12:28:50
step  1 2016/04/08 12:28:51
 current forces: 
FX:  -0.79036888145375
FY:  -0.10102941965763
FZ:  -0.23751906571316
TX:  0.035291999747807
TY:  -0.25197938591831
TZ:  -0.0099098610325507
reduce TY
CutMiddle  5position moved from ( 106.388,  411.901,  -206.326,  92.5442) to ( 106.783,  411.901,  -206.326,  92.545), force changed from  -0.2522115064702 to  -0.0016113429807364
Freedom:  0.686401
step  2 2016/04/08 12:29:02
 current forces: 
FX:  -0.0008644366120444
FY:  -0.026615378110054
FZ:  -0.015089691086432
TX:  0.0063640550964919
TY:  0.0018968567673716
TZ:  0.00052599046570324
Find Z Position
step  3 2016/04/08 12:29:15
 current forces: 
FX:  0.16103393735975
FY:  -0.22826066643848
FZ:  -0.15063521886311
TX:  0.087853301249977
TY:  0.048438421876039
TZ:  -0.0026912245638148
reduce TX
CutMiddle  4position moved from ( 106.785,  411.901,  -207.022,  92.5441) to ( 106.769,  411.694,  -207.023,  92.5461), force changed from  0.087943112273092 to  -0.0055872307554316
Freedom:  0.910706
dumbbell has too big Y freedom in cradle 0.910706
step  4 2016/04/08 12:29:36
 current forces: 
FX:  0.080542057566847
FY:  0.013059077757239
FZ:  -0.033619940795486
TX:  -0.0051519217169178
TY:  0.026446920771432
TZ:  -0.00080798659328698
reduce TZ
