PostCalibration at 2015/12/15 09:57:13
step  1 2015/12/15 09:57:13
 current forces: 
FX:  0.0059777451679111
FY:  0.0042804940603674
FZ:  0.044198777526617
TX:  -0.0010117483325303
TY:  0.0027156088035554
TZ:  0.0056781675666571
Find Z Position
not bottomed this time, try next time
step  2 2015/12/15 09:57:21
 current forces: 
FX:  1.0358572006226
FY:  -1.0510923862457
FZ:  -36.958934783935
TX:  0.23819150030613
TY:  -0.36544021964073
TZ:  -1.3635890483856
reduce FZ
