PostCalibration at 2015/12/15 10:20:25
step  1 2015/12/15 10:20:26
 current forces: 
FX:  -0.022909302264452
FY:  0.035773634910584
FZ:  0.0062460070475936
TX:  -0.013249482028186
TY:  -0.0084042027592659
TZ:  -0.0011018441291526
Find Z Position
not bottomed this time, try next time
step  2 2015/12/15 10:20:35
 current forces: 
FX:  -0.26564648747444
FY:  -0.61629813909531
FZ:  -0.11826231330633
TX:  0.2882749736309
TY:  -0.036536358296871
TZ:  0.010704594664276
reduce TX
