PostCalibration at 2016/04/05 11:31:05
step  1 2016/04/05 11:31:06
 current forces: 
FX:  -0.56616626760102
FY:  -0.33917019031942
FZ:  -0.12847263024942
TX:  0.12990623877385
TY:  -0.18555195268425
TZ:  -0.0047787006132214
reduce TY
CutMiddle  5position moved from ( 106.954,  411.994,  -205.746,  92.6202) to ( 107.294,  411.992,  -205.747,  92.6249), force changed from  -0.18527351782533 to  3.1484756159767E-006
Freedom:  0.708595
step  2 2016/04/05 11:31:18
 current forces: 
FX:  0.0214046666811
FY:  -0.29063921034765
FZ:  -0.066447862466963
TX:  0.11193951018323
TY:  0.0016922439395195
TZ:  0.0041139892631136
reduce TX
CutMiddle  4position moved from ( 107.295,  411.992,  -205.747,  92.6248) to ( 107.282,  411.742,  -205.747,  92.6267), force changed from  0.11224190172883 to  0.0026460095417732
Freedom:  0.990295
dumbbell has too big Y freedom in cradle 0.990295
step  3 2016/04/05 11:31:39
 current forces: 
FX:  0.0015993233885057
FY:  0.0069181422379592
FZ:  0.0055520643854615
TX:  -0.0015405838343631
TY:  0.0013632498494887
TZ:  -0.00018553015473411
Find Z Position
step  4 2016/04/05 11:31:52
 current forces: 
FX:  0.070342209701846
FY:  -0.0071909306140657
FZ:  -0.012392388840065
TX:  0.0015800001407508
TY:  0.022414393856255
TZ:  -0.0012665386258581
reduce TZ
