PostCalibration at 2015/12/15 09:55:04
step  1 2015/12/15 09:55:04
 current forces: 
FX:  -0.0053887930698693
FY:  0.0038135752547532
FZ:  0.0069090416654944
TX:  -0.00027135360869579
TY:  -0.0005339608178474
TZ:  -3.2024963729782E-006
Find Z Position
step  2 2015/12/15 09:55:13
 current forces: 
FX:  -0.0028875470161438
FY:  0.27717673778534
FZ:  -0.032443441450596
TX:  -0.12223156541586
TY:  -0.017874948680401
TZ:  -0.0045859143137932
reduce TX
CutMiddle  4position moved from ( 111.697,  403.844,  -216.78,  89.7916) to ( 111.697,  404.131,  -216.78,  89.7916), force changed from  -0.12143855541945 to  0.0040961615741253
Freedom:  0.975006
dumbbell has too big Y freedom in cradle 0.975006
step  3 2015/12/15 09:55:28
 current forces: 
FX:  0.01828427426517
FY:  -0.00071641674730927
FZ:  0.0051613766700029
TX:  0.0025839514564723
TY:  0.0029827815014869
TZ:  0.00030943966703489
reduce TY
FTXTRisingCross  0.2 failed, give up
step  4 2015/12/15 09:55:48
 current forces: 
FX:  0.507459461689
FY:  -0.034903701394796
FZ:  -0.19592471420765
TX:  -0.0087165320292115
TY:  0.13927200436592
TZ:  -0.004699741024524
