PostCalibration at 2015/06/03 11:45:58
step  1 2015/06/03 11:45:58
 current forces: 
FX:  -1.1426146030426
FY:  -0.06650123745203
FZ:  -0.19524738192558
TX:  0.094104416668415
TY:  -0.31084129214287
TZ:  -0.0076294299215078
reduce TY
