PostCalibration at 2016/04/04 11:20:07
step  1 2016/04/04 11:20:07
 current forces: 
FX:  -0.48939868197535
FY:  -0.37519496322027
FZ:  -0.14159340358524
TX:  0.14106979796486
TY:  -0.16142978979606
TZ:  -0.0021638190370329
reduce TY
CutMiddle  5position moved from ( 106.964,  412.007,  -205.762,  92.5912) to ( 107.277,  412.006,  -205.762,  92.5929), force changed from  -0.1610305254816 to  0.0022681077829361
Freedom:  0.688194
step  2 2016/04/04 11:20:19
 current forces: 
FX:  0.030019781324264
FY:  -0.32514370348718
FZ:  -0.05920933124713
TX:  0.12363895757968
TY:  0.004320394181869
TZ:  0.004310829650111
reduce TX
CutMiddle  4position moved from ( 107.278,  412.006,  -205.762,  92.5927) to ( 107.263,  411.744,  -205.762,  92.5963), force changed from  0.12358752495549 to  -0.00038665731033062
Freedom:  0.980011
dumbbell has too big Y freedom in cradle 0.980011
step  3 2016/04/04 11:20:41
 current forces: 
FX:  -0.012123650833443
FY:  0.0026727116870865
FZ:  0.012954341725113
TX:  0.00035281523884834
TY:  -0.00099336391270112
TZ:  5.401051103798E-005
Find Z Position
step  4 2016/04/04 11:20:54
 current forces: 
FX:  0.012522851903235
FY:  -0.0030879895802665
FZ:  0.0079844937626764
TX:  0.00051535616721409
TY:  0.0061050360809136
TZ:  -0.00015920768097032
reduce TZ
