PostCalibration at 2016/03/09 22:18:46
step  1 2016/03/09 22:18:46
 current forces: 
FX:  -0.53068725065736
FY:  -0.54391927380539
FZ:  -0.32819363905698
TX:  0.20429216276158
TY:  -0.17884071637931
TZ:  0.0013216638060037
reduce TY
CutMiddle  5position moved from ( 105.423,  411.976,  -201.088,  96.379) to ( 105.771,  411.974,  -201.089,  96.3823), force changed from  -0.17929680827497 to  -0.011783013310607
Freedom:  0.735504
step  2 2016/03/09 22:18:59
 current forces: 
FX:  0.016504812110325
FY:  -0.47373920448067
FZ:  -0.081264880398954
TX:  0.17801931952544
TY:  -0.0029592884992803
TZ:  0.007434023825416
reduce TX
CutMiddle  4position moved from ( 105.771,  411.974,  -201.089,  96.3823) to ( 105.757,  411.702,  -201.088,  96.3838), force changed from  0.17870069299413 to  -0.00088716027157702
Freedom:  0.906006
dumbbell has too big Y freedom in cradle 0.906006
step  3 2016/03/09 22:19:19
 current forces: 
FX:  -0.030621558769812
FY:  -0.0068795419057667
FZ:  0.004362264926917
TX:  -0.00099606245637208
TY:  -0.0033278773010432
TZ:  0.0015194584020262
Find Z Position
step  4 2016/03/09 22:19:35
 current forces: 
FX:  0.0075798577301454
FY:  -0.0095498171827604
FZ:  0.01511937392503
TX:  0.00013342392253777
TY:  0.0016328801727443
TZ:  2.9645077342003E-005
reduce TZ
