PostCalibration at 2015/11/05 11:05:11
step  1 2015/11/05 11:05:11
 current forces: 
FX:  -2.0860326290131
FY:  -1.036643743515
FZ:  -0.37271949648857
TX:  0.55090230703354
TY:  -0.51378899812698
TZ:  0.041713766753674
reduce TY
